Year,"Survival to age 65, female (% of cohort)","Survival to age 65, male (% of cohort)"
1960,66.648934,56.048271
1961,67.830801,56.967675
1962,68.909523,57.847533
1963,70.08549,58.751516
1964,71.280401,59.758109
1965,72.497181,60.743704
1966,73.668033,61.755236
1967,74.792427,62.656484
1968,75.833696,63.532853
1969,76.763944,64.39454
1970,77.619499,65.165578
1971,78.3977,65.955881
1972,79.102085,66.698817
1973,79.722789,67.423799
1974,80.318894,68.108343
1975,80.848479,68.734684
1976,81.355389,69.36403
1977,81.888071,69.972127
1978,82.412703,70.570681
1979,82.866738,71.151289
1980,83.203435,71.670786
1981,83.458466,72.138455
1982,83.693714,72.543045
1983,83.874651,72.862365
1984,84.015734,73.101295
1985,84.099783,73.249907
1986,84.12644,73.323977
1987,84.095753,73.343148
1988,84.003396,73.288915
1989,83.673347,73.090216
1990,83.71805,73.03397
1991,83.551766,72.858037
1992,83.416021,72.81387
1993,83.457436,72.843718
1994,83.626018,72.96838
1995,83.68932,72.951738
1996,84.082934,73.110004
1997,84.329584,73.200456
1998,84.341342,73.287694
1999,84.553914,73.78372
2000,84.601851,74.107779
2001,84.689887,74.272865
2002,84.7105,74.47367
2003,85.006015,75.256331
2004,85.282443,76.096618
2005,85.609244,76.582631
2006,85.826404,76.668482
2007,85.904915,76.832062
2008,85.979023,77.11902
2009,86.18264,77.59646
2010,86.396695,78.04605
2011,86.633214,78.643005
2012,86.683998,78.721312
2013,86.60734,78.717829
2014,86.565583,78.382565
2015,86.494476,78.528619
2016,86.59333,78.720523
2017,86.61324,78.930068
2018,86.672876,79.000381
2019,86.572816,79.000184
2020,86.354627,78.902061
